nodes:
  reviewer:
    x: 3.5338671875e+2
    y: 2.69999494800114e+2
  planner:
    x: 7.98562120318824e+1
    y: 8.064453125e+1
  implementer:
    x: 3.52316058729763e+2
    y: 8.276171875e+1
